[ECT] : General-Parameter Information
	[PARSER VERSION] : 1
	[VERSION] : 3.00
	[NUM OF TABLE] : 41
		[TABLE NAME] : MINMAX_dvfs_cpucl0
		[NUM OF COLUMN] : 6
		[NUM OF ROW] : 7
			[TABLE]
			0 0 130 1742 1053 1053 
			1 1 130 1742 1053 1053 
			2 2 130 1742 1053 1053 
			3 3 130 1950 1053 1053 
			4 3 130 1950 1053 1053 
			5 5 130 1950 1053 1053 
			32 32 130 1950 1053 1053 
		[TABLE NAME] : MINMAX_dvfs_cpucl1
		[NUM OF COLUMN] : 6
		[NUM OF ROW] : 7
			[TABLE]
			0 0 507 2002 1222 507 
			1 1 507 1898 1222 507 
			2 2 507 1898 1222 507 
			3 3 507 2314 1222 507 
			4 3 507 2314 1222 507 
			5 3 507 2314 1222 507 
			32 32 507 2400 1222 507 
		[TABLE NAME] : MINMAX_dvfs_cpucl2
		[NUM OF COLUMN] : 6
		[NUM OF ROW] : 7
			[TABLE]
			0 0 520 2236 1378 520 
			1 1 520 2470 1378 520 
			2 2 520 2470 1378 520 
			3 3 520 2730 1378 520 
			4 4 520 2730 1378 520 
			5 4 520 2730 1378 520 
			32 32 520 2730 1378 520 
		[TABLE NAME] : MINMAX_dvfs_mif
		[NUM OF COLUMN] : 6
		[NUM OF ROW] : 7
			[TABLE]
			0 0 421 2093 2093 421 
			1 1 421 2093 2093 421 
			2 2 421 2093 2093 421 
			3 3 421 2093 2093 421 
			4 3 421 2093 2093 421 
			5 3 421 2093 2093 421 
			32 32 421 2093 2093 421 
		[TABLE NAME] : MINMAX_dvfs_g3d
		[NUM OF COLUMN] : 6
		[NUM OF ROW] : 7
			[TABLE]
			0 0 99 702 156 100 
			1 1 99 702 156 100 
			2 2 99 702 156 100 
			3 3 99 702 156 100 
			4 4 99 702 156 100 
			5 5 99 702 156 100 
			32 32 99 754 156 100 
		[TABLE NAME] : MINMAX_dvfs_int
		[NUM OF COLUMN] : 6
		[NUM OF ROW] : 7
			[TABLE]
			0 0 100 534 534 100 
			1 1 100 534 534 100 
			2 2 100 534 534 100 
			3 3 100 534 534 100 
			4 3 100 534 534 100 
			5 3 100 534 534 100 
			32 3 100 534 534 100 
		[TABLE NAME] : MINMAX_dvfs_intcam
		[NUM OF COLUMN] : 6
		[NUM OF ROW] : 7
			[TABLE]
			0 0 630 680 630 630 
			1 1 630 680 630 630 
			2 2 630 680 630 630 
			3 3 630 680 630 630 
			4 4 630 680 630 630 
			5 4 630 680 630 630 
			32 4 630 680 630 630 
		[TABLE NAME] : MINMAX_dvfs_npu
		[NUM OF COLUMN] : 6
		[NUM OF ROW] : 7
			[TABLE]
			0 0 167 933 167 167 
			1 1 167 933 167 167 
			2 2 167 933 167 167 
			3 3 167 933 167 167 
			4 3 167 933 167 167 
			5 3 167 933 167 167 
			32 3 167 933 167 167 
		[TABLE NAME] : MINMAX_dvfs_cam
		[NUM OF COLUMN] : 6
		[NUM OF ROW] : 7
			[TABLE]
			0 0 650 690 650 650 
			1 1 650 690 650 650 
			2 2 650 690 650 650 
			3 3 650 690 650 650 
			4 3 650 690 650 650 
			5 3 650 690 650 650 
			32 3 650 690 650 650 
		[TABLE NAME] : MINMAX_dvfs_iva
		[NUM OF COLUMN] : 6
		[NUM OF ROW] : 7
			[TABLE]
			0 0 56 534 56 56 
			1 1 56 534 56 56 
			2 2 56 534 56 56 
			3 3 56 534 56 56 
			4 3 56 534 56 56 
			5 3 56 534 56 56 
			32 3 56 534 56 56 
		[TABLE NAME] : MINMAX_dvfs_score
		[NUM OF COLUMN] : 6
		[NUM OF ROW] : 7
			[TABLE]
			0 0 25 666 25 25 
			1 1 25 666 25 25 
			2 2 25 666 25 25 
			3 3 25 666 25 25 
			4 3 25 666 25 25 
			5 3 25 666 25 25 
			32 3 25 666 25 25 
		[TABLE NAME] : MINMAX_dvfs_disp
		[NUM OF COLUMN] : 6
		[NUM OF ROW] : 7
			[TABLE]
			0 0 134 640 534 134 
			1 1 134 640 534 134 
			2 2 134 640 534 134 
			3 3 134 640 534 134 
			4 3 134 640 534 134 
			5 3 134 640 534 134 
			32 3 134 640 534 134 
		[TABLE NAME] : MINMAX_dvfs_aud
		[NUM OF COLUMN] : 6
		[NUM OF ROW] : 7
			[TABLE]
			0 0 295 1180 295 295 
			1 1 295 1180 295 295 
			2 2 295 1180 295 295 
			3 3 295 1180 295 295 
			4 3 295 1180 295 295 
			5 3 295 1180 295 295 
			32 3 295 1180 295 295 
		[TABLE NAME] : MINMAX_dvfs_mfc
		[NUM OF COLUMN] : 6
		[NUM OF ROW] : 7
			[TABLE]
			0 0 134 800 134 134 
			1 1 134 800 134 134 
			2 2 134 800 134 134 
			3 3 134 800 134 134 
			4 3 134 800 134 134 
			5 3 134 800 134 134 
			32 3 134 800 134 134 
		[TABLE NAME] : MINMAX_dvs_cp
		[NUM OF COLUMN] : 6
		[NUM OF ROW] : 7
			[TABLE]
			0 0 533 1499 1066 533 
			1 1 533 1499 1066 533 
			2 2 533 1499 1066 533 
			3 3 533 1499 1066 533 
			4 3 533 1499 1066 533 
			5 5 533 1499 1066 533 
			32 5 533 1499 1066 533 
		[TABLE NAME] : DTM_BIG_VOLT_TEMP
		[NUM OF COLUMN] : 8
		[NUM OF ROW] : 13
			[TABLE]
			0 70 75 80 85 90 95 100 
			750 3687 4292 4976 5747 6611 7572 8638 
			800 3864 4498 5220 6035 6952 7976 9115 
			850 4043 4706 5461 6316 7280 8359 9562 
			900 4238 4925 5710 6599 7600 8722 9972 
			950 4473 5183 5991 6906 7935 9086 10366 
			1000 4786 5517 6345 7279 8326 9494 10790 
			1050 5227 5977 6824 7773 8834 10011 11313 
			1100 5856 6628 7494 8461 9535 10723 12030 
			1150 6747 7547 8439 9431 10528 11736 13062 
			1200 7985 8822 9753 10786 11926 13180 14553 
			1250 9668 10556 11547 12646 13863 15203 16674 
			1300 11904 12865 13943 15148 16489 17977 19620 
		[TABLE NAME] : DTM_BIG_ASV
		[NUM OF COLUMN] : 3
		[NUM OF ROW] : 13
			[TABLE]
			0 0 0 
			4294967246 40 11050 
			4294967245 90 10800 
			4294967252 40 10910 
			4294967273 4294967086 11640 
			16 4294966566 13220 
			78 4294965736 15820 
			164 4294964566 19510 
			268 4294963116 24140 
			384 4294961496 29360 
			499 4294959856 34650 
			601 4294958366 39500 
			684 4294957156 43510 
		[TABLE NAME] : DTM_MID_ASV
		[NUM OF COLUMN] : 3
		[NUM OF ROW] : 13
			[TABLE]
			0 0 0 
			4294967138 1030 8820 
			4294967162 810 9300 
			4294967193 490 10110 
			4294967240 4294967246 11670 
			17 4294966326 14450 
			126 4294964906 18800 
			274 4294962956 24820 
			456 4294960566 32230 
			659 4294957906 40450 
			869 4294955176 48850 
			1074 4294952536 56890 
			1263 4294950116 64250 
		[TABLE NAME] : DTM_MID_VOLT_TEMP
		[NUM OF COLUMN] : 8
		[NUM OF ROW] : 13
			[TABLE]
			0 70 75 80 85 90 95 100 
			750 3287 3807 4395 5056 5796 6619 7530 
			800 3332 3852 4440 5102 5843 6669 7586 
			850 3385 3906 4495 5157 5899 6726 7644 
			900 3481 4006 4598 5263 6007 6835 7751 
			950 3661 4194 4795 5467 6215 7045 7962 
			1000 3974 4522 5136 5820 6578 7415 8336 
			1050 4477 5045 5678 6379 7154 8006 8939 
			1100 5237 5828 6484 7209 8007 8883 9842 
			1150 6324 6941 7623 8377 9207 10120 11121 
			1200 7821 8462 9171 9957 10828 11793 12859 
			1250 9815 10475 11209 12030 12951 13985 15144 
			1300 12403 13073 13826 14681 15660 16783 18071 
		[TABLE NAME] : DTM_G3D_VOLT_TEMP
		[NUM OF COLUMN] : 8
		[NUM OF ROW] : 13
			[TABLE]
			0 70 75 80 85 90 95 100 
			550 3368 3927 4551 5245 6013 6857 7781 
			600 3371 3992 4704 5515 6431 7459 8608 
			650 3512 4170 4927 5793 6775 7883 9125 
			700 3716 4392 5167 6050 7049 8170 9423 
			750 3931 4616 5395 6276 7264 8367 9592 
			800 4131 4822 5601 6474 7447 8525 9714 
			850 4313 5011 5794 6666 7633 8700 9871 
			900 4499 5210 6005 6891 7872 8953 10139 
			950 4737 5467 6287 7204 8223 9350 10591 
			1000 5097 5854 6711 7676 8757 9962 11298 
			1050 5675 6465 7369 8396 9558 10864 12324 
			1100 6590 7418 8374 9470 10720 12137 13732 
		[TABLE NAME] : DTM_G3D_ASV
		[NUM OF COLUMN] : 3
		[NUM OF ROW] : 13
			[TABLE]
			0 0 0 
			4294967110 1360 7870 
			4294967068 1810 6690 
			4294967080 1730 6760 
			4294967119 1410 7410 
			4294967169 970 8320 
			4294967225 480 9410 
			4294967285 4294967186 10820 
			59 4294966436 12830 
			146 4294965406 15790 
			256 4294964006 20010 
			394 4294962196 25600 
			556 4294960046 32320 
		[TABLE NAME] : DTM_PWR_Coeff
		[NUM OF COLUMN] : 5
		[NUM OF ROW] : 1
			[TABLE]
			760 320 0 6800 0 
		[TABLE NAME] : OFFSET_dvfs_mif
		[NUM OF COLUMN] : 7
		[NUM OF ROW] : 2
			[TABLE]
			0 0 0 0 0 0 0 
			1 0 0 4294967264 4294967264 4294967292 4294967292 
		[TABLE NAME] : OFFSET_dvfs_int
		[NUM OF COLUMN] : 12
		[NUM OF ROW] : 2
			[TABLE]
			0 0 0 0 0 0 0 0 0 0 0 0 
			1 0 0 4294967292 4294967292 4294967292 4294967292 0 4294967292 107216984 0 0 
		[TABLE NAME] : OFFSET_dvfs_cpucl0
		[NUM OF COLUMN] : 5
		[NUM OF ROW] : 2
			[TABLE]
			0 0 0 0 0 
			1 0 4294967264 0 4294967292 
		[TABLE NAME] : OFFSET_dvfs_cpucl1
		[NUM OF COLUMN] : 3
		[NUM OF ROW] : 2
			[TABLE]
			0 0 0 
			1 0 0 
		[TABLE NAME] : OFFSET_dvfs_cpucl2
		[NUM OF COLUMN] : 4
		[NUM OF ROW] : 2
			[TABLE]
			0 0 0 0 
			1 0 0 0 
		[TABLE NAME] : OFFSET_dvfs_g3d
		[NUM OF COLUMN] : 3
		[NUM OF ROW] : 2
			[TABLE]
			0 0 0 
			1 0 4294967264 
		[TABLE NAME] : OFFSET_dvfs_intcam
		[NUM OF COLUMN] : 8
		[NUM OF ROW] : 2
			[TABLE]
			0 0 0 0 0 0 0 0 
			1 0 4294967292 4294967292 4294967292 0 0 0 
		[TABLE NAME] : OFFSET_dvfs_mfc
		[NUM OF COLUMN] : 6
		[NUM OF ROW] : 2
			[TABLE]
			0 0 0 0 0 0 
			1 0 4294967292 4294967292 0 0 
		[TABLE NAME] : OFFSET_dvfs_aud
		[NUM OF COLUMN] : 5
		[NUM OF ROW] : 2
			[TABLE]
			0 0 0 0 0 
			1 0 0 0 0 
		[TABLE NAME] : OFFSET_dvfs_iva
		[NUM OF COLUMN] : 4
		[NUM OF ROW] : 2
			[TABLE]
			0 0 0 0 
			1 0 4294967292 0 
		[TABLE NAME] : OFFSET_dvfs_cam
		[NUM OF COLUMN] : 8
		[NUM OF ROW] : 2
			[TABLE]
			0 0 0 0 0 0 0 0 
			1 0 4294967292 4294967292 0 0 4 0 
		[TABLE NAME] : OFFSET_dvfs_score
		[NUM OF COLUMN] : 8
		[NUM OF ROW] : 2
			[TABLE]
			0 0 0 0 0 0 0 0 
			1 0 4294967292 4294967292 4294967292 4294967292 4294967292 4294967292 
		[TABLE NAME] : OFFSET_dvfs_disp
		[NUM OF COLUMN] : 5
		[NUM OF ROW] : 2
			[TABLE]
			0 0 0 0 0 
			1 0 4294967292 0 0 
		[TABLE NAME] : OFFSET_dvfs_npu
		[NUM OF COLUMN] : 8
		[NUM OF ROW] : 2
			[TABLE]
			0 0 0 0 0 0 0 0 
			1 0 4294967292 4294967292 4294967292 0 0 4 
		[TABLE NAME] : OFFSET_dvs_cp
		[NUM OF COLUMN] : 3
		[NUM OF ROW] : 2
			[TABLE]
			0 0 0 
			1 0 0 
		[TABLE NAME] : SCI_dvfs_mif
		[NUM OF COLUMN] : 2
		[NUM OF ROW] : 10
			[TABLE]
			0 0 
			1 0 
			2 0 
			4 0 
			4 0 
			1 1 
			1 1 
			1 1 
			1 1 
			1 1 
		[TABLE NAME] : FSYS1_dvfs_int
		[NUM OF COLUMN] : 2
		[NUM OF ROW] : 5
			[TABLE]
			1 1 
			0 3 
			2 3 
			0 7 
			0 15 
		[TABLE NAME] : APLL
		[NUM OF COLUMN] : 3
		[NUM OF ROW] : 2
			[TABLE]
			1 1 1 
			4294967200 4294967200 4294967200 
		[TABLE NAME] : G3D_DD_margin
		[NUM OF COLUMN] : 2
		[NUM OF ROW] : 12
			[TABLE]
			0 12500 
			1 12500 
			2 12500 
			3 6250 
			4 6250 
			5 6250 
			6 6250 
			7 6250 
			8 6250 
			9 6250 
			10 6250 
			11 6250 
